19
20
21
22
23
26
27
34
35
42
43
60
61
73
75
81
83
101
103
111
113
129
175
189
195
201
203
213
215
223
225
237
239
243
245
259
263
289
293
305
344
345
357
361
388
396
400
404
413
417
425
434
440
451
452
453
455
461
466
470
521
522
537
554
559
587
588
616
617
663
665
684
757
886
903
917
938
990
1053
1058
1112
1142
1217
1308
1323
1341
1366
1367
1383
1436
1438
1449
1465
1513
1514
1515
1516
1522
1532
1533
1534
1535
1536
1537
1538
1539
1540
1545
1546
1565
1566
1567
1568
1586
1603
1619
1629
1631
1636
1657
1659
1669
1673
1686
1723
1730
1734
1737
1739
1741
1745
1757
1765
1767
1769
1775
1777
1781
1783
1785
1787
1801
1803
1805
1815
1817
1847
1928
1948
1972
1978
1986
1991
1992
1993
